0.000000 0.000000 0.000000 0.000000 0.000000 0.000000
0.500000 0.000059 0.000059 0.000053 0.000061 0.000061
1.000000 0.000128 0.000128 0.000114 0.000134 0.000134
1.500000 0.000197 0.000197 0.000174 0.000206 0.000206
2.000000 0.000264 0.000264 0.000234 0.000276 0.000276
2.500000 0.000330 0.000330 0.000292 0.000345 0.000345
3.000000 0.000395 0.000395 0.000349 0.000412 0.000412
3.500000 0.000458 0.000458 0.000405 0.000478 0.000478
4.000000 0.000521 0.000521 0.000461 0.000543 0.000543
4.500000 0.000582 0.000582 0.000515 0.000607 0.000607
5.000000 0.000642 0.000642 0.000569 0.000669 0.000669
5.500000 0.000701 0.000701 0.000621 0.000731 0.000731
6.000000 0.000759 0.000759 0.000673 0.000791 0.000791
6.500000 0.000816 0.000816 0.000725 0.000850 0.000850
7.000000 0.000872 0.000872 0.000775 0.000907 0.000907
7.500000 0.000927 0.000927 0.000824 0.000964 0.000964
8.000000 0.000981 0.000981 0.000873 0.001020 0.001020
8.500000 0.001034 0.001034 0.000921 0.001074 0.001074
9.000000 0.001086 0.001086 0.000968 0.001128 0.001128
9.500000 0.001137 0.001137 0.001015 0.001180 0.001180
10.000000 0.001187 0.001187 0.001061 0.001232 0.001232
10.500000 0.001236 0.001236 0.001106 0.001282 0.001282
11.000000 0.001285 0.001285 0.001150 0.001332 0.001332
11.500000 0.001332 0.001332 0.001194 0.001380 0.001380
12.000000 0.001379 0.001379 0.001237 0.001428 0.001428
12.500000 0.001425 0.001425 0.001279 0.001475 0.001475
13.000000 0.001470 0.001470 0.001321 0.001520 0.001520
13.500000 0.001514 0.001514 0.001362 0.001566 0.001566
14.000000 0.001557 0.001557 0.001402 0.001610 0.001610
14.500000 0.001600 0.001600 0.001442 0.001653 0.001653
15.000000 0.001642 0.001642 0.001481 0.001696 0.001696
15.500000 0.001683 0.001683 0.001519 0.001737 0.001737
16.000000 0.001723 0.001723 0.001557 0.001778 0.001778
16.500000 0.001763 0.001763 0.001595 0.001818 0.001818
17.000000 0.001802 0.001802 0.001631 0.001858 0.001858
17.500000 0.001840 0.001840 0.001667 0.001896 0.001896
18.000000 0.001877 0.001877 0.001703 0.001934 0.001934
18.500000 0.001914 0.001914 0.001738 0.001972 0.001972
19.000000 0.001950 0.001950 0.001773 0.002008 0.002008
19.500000 0.001986 0.001986 0.001807 0.002044 0.002044
20.000000 0.002021 0.002021 0.001840 0.002079 0.002079
20.500000 0.002055 0.002055 0.001873 0.002114 0.002114
21.000000 0.002089 0.002089 0.001905 0.002148 0.002148
21.500000 0.002122 0.002122 0.001937 0.002181 0.002181
22.000000 0.002155 0.002155 0.001969 0.002214 0.002214
22.500000 0.002186 0.002186 0.002000 0.002246 0.002246
23.000000 0.002218 0.002218 0.002030 0.002277 0.002277
23.500000 0.002249 0.002249 0.002060 0.002308 0.002308
24.000000 0.002279 0.002279 0.002090 0.002338 0.002338
24.500000 0.002309 0.002309 0.002119 0.002368 0.002368
25.000000 0.002338 0.002338 0.002148 0.002397 0.002397
25.500000 0.002367 0.002367 0.002176 0.002426 0.002426
26.000000 0.002395 0.002395 0.002204 0.002454 0.002454
26.500000 0.002423 0.002423 0.002231 0.002481 0.002481
27.000000 0.002450 0.002450 0.002258 0.002508 0.002508
27.500000 0.002476 0.002476 0.002284 0.002535 0.002535
28.000000 0.002503 0.002503 0.002311 0.002561 0.002561
28.500000 0.002529 0.002529 0.002336 0.002587 0.002587
29.000000 0.002554 0.002554 0.002362 0.002612 0.002612
29.500000 0.002579 0.002579 0.002387 0.002636 0.002636
30.000000 0.002603 0.002603 0.002411 0.002661 0.002661
30.500000 0.002627 0.002627 0.002435 0.002684 0.002684
31.000000 0.002651 0.002651 0.002459 0.002708 0.002708
31.500000 0.002674 0.002674 0.002483 0.002731 0.002731
32.000000 0.002697 0.002697 0.002506 0.002753 0.002753
32.500000 0.002719 0.002719 0.002528 0.002775 0.002775
33.000000 0.002741 0.002741 0.002551 0.002797 0.002797
33.500000 0.002763 0.002763 0.002573 0.002818 0.002818
34.000000 0.002784 0.002784 0.002595 0.002839 0.002839
34.500000 0.002805 0.002805 0.002616 0.002860 0.002860
35.000000 0.002825 0.002825 0.002637 0.002880 0.002880
35.500000 0.002846 0.002846 0.002658 0.002900 0.002900
36.000000 0.002865 0.002865 0.002678 0.002919 0.002919
36.500000 0.002885 0.002885 0.002698 0.002938 0.002938
37.000000 0.002904 0.002904 0.002718 0.002957 0.002957
37.500000 0.002923 0.002923 0.002738 0.002975 0.002975
38.000000 0.002941 0.002941 0.002757 0.002993 0.002993
38.500000 0.002959 0.002959 0.002776 0.003011 0.003011
39.000000 0.002977 0.002977 0.002795 0.003028 0.003028
39.500000 0.002995 0.002995 0.002813 0.003045 0.003045
40.000000 0.003012 0.003012 0.002831 0.003062 0.003062
40.500000 0.003029 0.003029 0.002849 0.003079 0.003079
41.000000 0.003045 0.003045 0.002866 0.003095 0.003095
41.500000 0.003062 0.003062 0.002884 0.003111 0.003111
42.000000 0.003078 0.003078 0.002901 0.003126 0.003126
42.500000 0.003093 0.003093 0.002917 0.003142 0.003142
43.000000 0.003109 0.003109 0.002934 0.003157 0.003157
43.500000 0.003124 0.003124 0.002950 0.003171 0.003171
44.000000 0.003139 0.003139 0.002966 0.003186 0.003186
44.500000 0.003154 0.003154 0.002982 0.003200 0.003200
45.000000 0.003168 0.003168 0.002997 0.003214 0.003214
45.500000 0.003182 0.003182 0.003013 0.003228 0.003228
46.000000 0.003196 0.003196 0.003028 0.003241 0.003241
46.500000 0.003210 0.003210 0.003043 0.003254 0.003254
47.000000 0.003223 0.003223 0.003057 0.003268 0.003268
47.500000 0.003237 0.003237 0.003071 0.003280 0.003280
48.000000 0.003250 0.003250 0.003086 0.003293 0.003293
48.500000 0.003262 0.003262 0.003100 0.003305 0.003305
49.000000 0.003275 0.003275 0.003113 0.003317 0.003317
49.500000 0.003287 0.003287 0.003127 0.003329 0.003329
50.000000 0.003299 0.003299 0.003140 0.003341 0.003341
50.500000 0.003311 0.003311 0.003153 0.003352 0.003352
51.000000 0.003323 0.003323 0.003166 0.003364 0.003364
51.500000 0.003335 0.003335 0.003179 0.003375 0.003375
52.000000 0.003346 0.003346 0.003191 0.003385 0.003385
52.500000 0.003357 0.003357 0.003204 0.003396 0.003396
53.000000 0.003368 0.003368 0.003216 0.003407 0.003407
53.500000 0.003379 0.003379 0.003228 0.003417 0.003417
54.000000 0.003389 0.003389 0.003240 0.003427 0.003427
54.500000 0.003400 0.003400 0.003251 0.003437 0.003437
55.000000 0.003410 0.003410 0.003263 0.003447 0.003447
55.500000 0.003420 0.003420 0.003274 0.003456 0.003456
56.000000 0.003430 0.003430 0.003285 0.003466 0.003466
56.500000 0.003439 0.003439 0.003296 0.003475 0.003475
57.000000 0.003449 0.003449 0.003307 0.003484 0.003484
57.500000 0.003458 0.003458 0.003317 0.003493 0.003493
58.000000 0.003467 0.003467 0.003328 0.003502 0.003502
58.500000 0.003476 0.003476 0.003338 0.003510 0.003510
59.000000 0.003485 0.003485 0.003348 0.003519 0.003519
59.500000 0.003494 0.003494 0.003358 0.003527 0.003527
60.000000 0.003503 0.003503 0.003368 0.003535 0.003535
60.500000 0.003511 0.003511 0.003378 0.003543 0.003543
61.000000 0.003519 0.003519 0.003387 0.003551 0.003551
61.500000 0.003527 0.003527 0.003397 0.003559 0.003559
62.000000 0.003535 0.003535 0.003406 0.003566 0.003566
62.500000 0.003543 0.003543 0.003415 0.003574 0.003574
63.000000 0.003551 0.003551 0.003424 0.003581 0.003581
63.500000 0.003559 0.003559 0.003433 0.003589 0.003589
64.000000 0.003566 0.003566 0.003441 0.003596 0.003596
64.500000 0.003573 0.003573 0.003450 0.003603 0.003603
65.000000 0.003581 0.003581 0.003458 0.003609 0.003609
65.500000 0.003588 0.003588 0.003467 0.003616 0.003616
66.000000 0.003595 0.003595 0.003475 0.003623 0.003623
66.500000 0.003602 0.003602 0.003483 0.003629 0.003629
67.000000 0.003608 0.003608 0.003491 0.003636 0.003636
67.500000 0.003615 0.003615 0.003499 0.003642 0.003642
68.000000 0.003621 0.003621 0.003506 0.003648 0.003648
68.500000 0.003628 0.003628 0.003514 0.003654 0.003654
69.000000 0.003634 0.003634 0.003521 0.003660 0.003660
69.500000 0.003640 0.003640 0.003529 0.003666 0.003666
70.000000 0.003646 0.003646 0.003536 0.003671 0.003671
70.500000 0.003652 0.003652 0.003543 0.003677 0.003677
71.000000 0.003658 0.003658 0.003550 0.003683 0.003683
71.500000 0.003664 0.003664 0.003557 0.003688 0.003688
72.000000 0.003670 0.003670 0.003564 0.003693 0.003693
72.500000 0.003675 0.003675 0.003570 0.003699 0.003699
73.000000 0.003681 0.003681 0.003577 0.003704 0.003704
73.500000 0.003686 0.003686 0.003584 0.003709 0.003709
74.000000 0.003691 0.003691 0.003590 0.003714 0.003714
74.500000 0.003697 0.003697 0.003596 0.003719 0.003719
75.000000 0.003702 0.003702 0.003602 0.003724 0.003724
75.500000 0.003707 0.003707 0.003609 0.003728 0.003728
76.000000 0.003712 0.003712 0.003615 0.003733 0.003733
76.500000 0.003717 0.003717 0.003620 0.003737 0.003737
77.000000 0.003721 0.003721 0.003626 0.003742 0.003742
77.500000 0.003726 0.003726 0.003632 0.003746 0.003746
78.000000 0.003731 0.003731 0.003638 0.003751 0.003751
78.500000 0.003735 0.003735 0.003643 0.003755 0.003755
79.000000 0.003740 0.003740 0.003649 0.003759 0.003759
79.500000 0.003744 0.003744 0.003654 0.003763 0.003763
80.000000 0.003748 0.003748 0.003659 0.003767 0.003767
80.500000 0.003753 0.003753 0.003665 0.003771 0.003771
81.000000 0.003757 0.003757 0.003670 0.003775 0.003775
81.500000 0.003761 0.003761 0.003675 0.003779 0.003779
82.000000 0.003765 0.003765 0.003680 0.003783 0.003783
82.500000 0.003769 0.003769 0.003685 0.003786 0.003786
83.000000 0.003773 0.003773 0.003690 0.003790 0.003790
83.500000 0.003777 0.003777 0.003695 0.003794 0.003794
84.000000 0.003780 0.003780 0.003699 0.003797 0.003797
84.500000 0.003784 0.003784 0.003704 0.003801 0.003801
85.000000 0.003788 0.003788 0.003708 0.003804 0.003804
85.500000 0.003791 0.003791 0.003713 0.003807 0.003807
86.000000 0.003795 0.003795 0.003717 0.003811 0.003811
86.500000 0.003798 0.003798 0.003722 0.003814 0.003814
87.000000 0.003802 0.003802 0.003726 0.003817 0.003817
87.500000 0.003805 0.003805 0.003730 0.003820 0.003820
88.000000 0.003808 0.003808 0.003734 0.003823 0.003823
88.500000 0.003811 0.003811 0.003739 0.003826 0.003826
89.000000 0.003815 0.003815 0.003743 0.003829 0.003829
89.500000 0.003818 0.003818 0.003747 0.003832 0.003832
90.000000 0.003821 0.003821 0.003750 0.003835 0.003835
90.500000 0.003824 0.003824 0.003754 0.003838 0.003838
91.000000 0.003827 0.003827 0.003758 0.003840 0.003840
91.500000 0.003830 0.003830 0.003762 0.003843 0.003843
92.000000 0.003833 0.003833 0.003766 0.003846 0.003846
92.500000 0.003835 0.003835 0.003769 0.003848 0.003848
93.000000 0.003838 0.003838 0.003773 0.003851 0.003851
93.500000 0.003841 0.003841 0.003776 0.003853 0.003853
94.000000 0.003844 0.003844 0.003780 0.003856 0.003856
94.500000 0.003846 0.003846 0.003783 0.003858 0.003858
95.000000 0.003849 0.003849 0.003786 0.003861 0.003861
95.500000 0.003851 0.003851 0.003790 0.003863 0.003863
96.000000 0.003854 0.003854 0.003793 0.003865 0.003865
96.500000 0.003856 0.003856 0.003796 0.003868 0.003868
97.000000 0.003859 0.003859 0.003799 0.003870 0.003870
97.500000 0.003861 0.003861 0.003802 0.003872 0.003872
98.000000 0.003863 0.003863 0.003806 0.003874 0.003874
98.500000 0.003866 0.003866 0.003809 0.003876 0.003876
99.000000 0.003868 0.003868 0.003811 0.003879 0.003879
99.500000 0.003870 0.003870 0.003814 0.003881 0.003881
100.000000 0.003872 0.003872 0.003817 0.003883 0.003883
100.500000 0.003874 0.003874 0.003820 0.003885 0.003885
101.000000 0.003877 0.003877 0.003823 0.003887 0.003887
101.500000 0.003879 0.003879 0.003826 0.003888 0.003888
102.000000 0.003881 0.003881 0.003828 0.003890 0.003890
102.500000 0.003883 0.003883 0.003831 0.003892 0.003892
103.000000 0.003885 0.003885 0.003834 0.003894 0.003894
103.500000 0.003887 0.003887 0.003836 0.003896 0.003896
104.000000 0.003888 0.003888 0.003839 0.003898 0.003898
104.500000 0.003890 0.003890 0.003841 0.003899 0.003899
105.000000 0.003892 0.003892 0.003844 0.003901 0.003901
105.500000 0.003894 0.003894 0.003846 0.003903 0.003903
106.000000 0.003896 0.003896 0.003849 0.003904 0.003904
106.500000 0.003897 0.003897 0.003851 0.003906 0.003906
107.000000 0.003899 0.003899 0.003853 0.003907 0.003907
107.500000 0.003901 0.003901 0.003855 0.003909 0.003909
108.000000 0.003903 0.003903 0.003858 0.003911 0.003911
108.500000 0.003904 0.003904 0.003860 0.003912 0.003912
109.000000 0.003906 0.003906 0.003862 0.003914 0.003914
109.500000 0.003907 0.003907 0.003864 0.003915 0.003915
110.000000 0.003909 0.003909 0.003866 0.003916 0.003916
110.500000 0.003910 0.003910 0.003868 0.003918 0.003918
111.000000 0.003912 0.003912 0.003870 0.003919 0.003919
111.500000 0.003913 0.003913 0.003873 0.003921 0.003921
112.000000 0.003915 0.003915 0.003874 0.003922 0.003922
112.500000 0.003916 0.003916 0.003876 0.003923 0.003923
113.000000 0.003918 0.003918 0.003878 0.003925 0.003925
113.500000 0.003919 0.003919 0.003880 0.003926 0.003926
114.000000 0.003920 0.003920 0.003882 0.003927 0.003927
114.500000 0.003922 0.003922 0.003884 0.003928 0.003928
115.000000 0.003923 0.003923 0.003886 0.003929 0.003929
115.500000 0.003924 0.003924 0.003888 0.003931 0.003931
116.000000 0.003926 0.003926 0.003889 0.003932 0.003932
116.500000 0.003927 0.003927 0.003891 0.003933 0.003933
117.000000 0.003928 0.003928 0.003893 0.003934 0.003934
117.500000 0.003929 0.003929 0.003894 0.003935 0.003935
118.000000 0.003931 0.003931 0.003896 0.003936 0.003936
118.500000 0.003932 0.003932 0.003898 0.003937 0.003937
119.000000 0.003933 0.003933 0.003899 0.003938 0.003938
119.500000 0.003934 0.003934 0.003901 0.003939 0.003939
120.000000 0.003935 0.003935 0.003902 0.003940 0.003940
120.500000 0.003936 0.003936 0.003904 0.003941 0.003941
121.000000 0.003937 0.003937 0.003905 0.003942 0.003942
121.500000 0.003938 0.003938 0.003907 0.003943 0.003943
122.000000 0.003939 0.003939 0.003908 0.003944 0.003944
122.500000 0.003940 0.003940 0.003910 0.003945 0.003945
123.000000 0.003941 0.003941 0.003911 0.003946 0.003946
123.500000 0.003942 0.003942 0.003913 0.003947 0.003947
124.000000 0.003943 0.003943 0.003914 0.003948 0.003948
124.500000 0.003944 0.003944 0.003915 0.003949 0.003949
125.000000 0.003945 0.003945 0.003917 0.003950 0.003950
125.500000 0.003946 0.003946 0.003918 0.003951 0.003951
126.000000 0.003947 0.003947 0.003919 0.003951 0.003951
126.500000 0.003948 0.003948 0.003920 0.003952 0.003952
127.000000 0.003949 0.003949 0.003922 0.003953 0.003953
127.500000 0.003950 0.003950 0.003923 0.003954 0.003954
128.000000 0.003950 0.003950 0.003924 0.003955 0.003955
128.500000 0.003951 0.003951 0.003925 0.003955 0.003955
129.000000 0.003952 0.003952 0.003926 0.003956 0.003956
129.500000 0.003953 0.003953 0.003928 0.003957 0.003957
130.000000 0.003954 0.003954 0.003929 0.003958 0.003958
130.500000 0.003954 0.003954 0.003930 0.003958 0.003958
131.000000 0.003955 0.003955 0.003931 0.003959 0.003959
131.500000 0.003956 0.003956 0.003932 0.003960 0.003960
132.000000 0.003957 0.003957 0.003933 0.003960 0.003960
132.500000 0.003957 0.003957 0.003934 0.003961 0.003961
133.000000 0.003958 0.003958 0.003935 0.003962 0.003962
133.500000 0.003959 0.003959 0.003936 0.003962 0.003962
134.000000 0.003960 0.003960 0.003937 0.003963 0.003963
134.500000 0.003960 0.003960 0.003938 0.003964 0.003964
135.000000 0.003961 0.003961 0.003939 0.003964 0.003964
135.500000 0.003962 0.003962 0.003940 0.003965 0.003965
136.000000 0.003962 0.003962 0.003941 0.003965 0.003965
136.500000 0.003963 0.003963 0.003942 0.003966 0.003966
137.000000 0.003963 0.003963 0.003943 0.003966 0.003966
137.500000 0.003964 0.003964 0.003944 0.003967 0.003967
138.000000 0.003965 0.003965 0.003945 0.003968 0.003968
138.500000 0.003965 0.003965 0.003945 0.003968 0.003968
139.000000 0.003966 0.003966 0.003946 0.003969 0.003969
139.500000 0.003966 0.003966 0.003947 0.003969 0.003969
140.000000 0.003967 0.003967 0.003948 0.003970 0.003970
140.500000 0.003967 0.003967 0.003949 0.003970 0.003970
141.000000 0.003968 0.003968 0.003950 0.003971 0.003971
141.500000 0.003969 0.003969 0.003950 0.003971 0.003971
142.000000 0.003969 0.003969 0.003951 0.003972 0.003972
142.500000 0.003970 0.003970 0.003952 0.003972 0.003972
143.000000 0.003970 0.003970 0.003953 0.003973 0.003973
143.500000 0.003971 0.003971 0.003953 0.003973 0.003973
144.000000 0.003971 0.003971 0.003954 0.003974 0.003974
144.500000 0.003972 0.003972 0.003955 0.003974 0.003974
145.000000 0.003972 0.003972 0.003956 0.003974 0.003974
145.500000 0.003973 0.003973 0.003956 0.003975 0.003975
146.000000 0.003973 0.003973 0.003957 0.003975 0.003975
146.500000 0.003973 0.003973 0.003958 0.003976 0.003976
147.000000 0.003974 0.003974 0.003958 0.003976 0.003976
147.500000 0.003974 0.003974 0.003959 0.003976 0.003976
148.000000 0.003975 0.003975 0.003960 0.003977 0.003977
148.500000 0.003975 0.003975 0.003960 0.003977 0.003977
149.000000 0.003976 0.003976 0.003961 0.003978 0.003978
149.500000 0.003976 0.003976 0.003962 0.003978 0.003978
150.000000 0.003976 0.003976 0.003962 0.003978 0.003978
150.500000 0.003977 0.003977 0.003963 0.003979 0.003979
151.000000 0.003977 0.003977 0.003963 0.003979 0.003979
151.500000 0.003978 0.003978 0.003964 0.003979 0.003979
152.000000 0.003978 0.003978 0.003964 0.003980 0.003980
152.500000 0.003978 0.003978 0.003965 0.003980 0.003980
153.000000 0.003979 0.003979 0.003966 0.003980 0.003980
153.500000 0.003979 0.003979 0.003966 0.003981 0.003981
154.000000 0.003979 0.003979 0.003967 0.003981 0.003981
154.500000 0.003980 0.003980 0.003967 0.003981 0.003981
155.000000 0.003980 0.003980 0.003968 0.003982 0.003982
155.500000 0.003980 0.003980 0.003968 0.003982 0.003982
156.000000 0.003981 0.003981 0.003969 0.003982 0.003982
156.500000 0.003981 0.003981 0.003969 0.003983 0.003983
157.000000 0.003981 0.003981 0.003970 0.003983 0.003983
157.500000 0.003982 0.003982 0.003970 0.003983 0.003983
158.000000 0.003982 0.003982 0.003971 0.003983 0.003983
158.500000 0.003982 0.003982 0.003971 0.003984 0.003984
159.000000 0.003983 0.003983 0.003972 0.003984 0.003984
159.500000 0.003983 0.003983 0.003972 0.003984 0.003984
160.000000 0.003983 0.003983 0.003972 0.003985 0.003985
160.500000 0.003983 0.003983 0.003973 0.003985 0.003985
161.000000 0.003984 0.003984 0.003973 0.003985 0.003985
161.500000 0.003984 0.003984 0.003974 0.003985 0.003985
162.000000 0.003984 0.003984 0.003974 0.003986 0.003986
162.500000 0.003985 0.003985 0.003975 0.003986 0.003986
163.000000 0.003985 0.003985 0.003975 0.003986 0.003986
163.500000 0.003985 0.003985 0.003975 0.003986 0.003986
164.000000 0.003985 0.003985 0.003976 0.003986 0.003986
164.500000 0.003986 0.003986 0.003976 0.003987 0.003987
165.000000 0.003986 0.003986 0.003976 0.003987 0.003987
165.500000 0.003986 0.003986 0.003977 0.003987 0.003987
166.000000 0.003986 0.003986 0.003977 0.003987 0.003987
166.500000 0.003986 0.003986 0.003978 0.003988 0.003988
167.000000 0.003987 0.003987 0.003978 0.003988 0.003988
167.500000 0.003987 0.003987 0.003978 0.003988 0.003988
168.000000 0.003987 0.003987 0.003979 0.003988 0.003988
168.500000 0.003987 0.003987 0.003979 0.003988 0.003988
169.000000 0.003988 0.003988 0.003979 0.003989 0.003989
169.500000 0.003988 0.003988 0.003980 0.003989 0.003989
170.000000 0.003988 0.003988 0.003980 0.003989 0.003989
170.500000 0.003988 0.003988 0.003980 0.003989 0.003989
171.000000 0.003988 0.003988 0.003981 0.003989 0.003989
171.500000 0.003989 0.003989 0.003981 0.003990 0.003990
172.000000 0.003989 0.003989 0.003981 0.003990 0.003990
172.500000 0.003989 0.003989 0.003981 0.003990 0.003990
173.000000 0.003989 0.003989 0.003982 0.003990 0.003990
173.500000 0.003989 0.003989 0.003982 0.003990 0.003990
174.000000 0.003989 0.003989 0.003982 0.003990 0.003990
174.500000 0.003990 0.003990 0.003983 0.003991 0.003991
175.000000 0.003990 0.003990 0.003983 0.003991 0.003991
175.500000 0.003990 0.003990 0.003983 0.003991 0.003991
176.000000 0.003990 0.003990 0.003983 0.003991 0.003991
176.500000 0.003990 0.003990 0.003984 0.003991 0.003991
177.000000 0.003990 0.003990 0.003984 0.003991 0.003991
177.500000 0.003991 0.003991 0.003984 0.003991 0.003991
178.000000 0.003991 0.003991 0.003984 0.003992 0.003992
178.500000 0.003991 0.003991 0.003985 0.003992 0.003992
179.000000 0.003991 0.003991 0.003985 0.003992 0.003992
179.500000 0.003991 0.003991 0.003985 0.003992 0.003992
180.000000 0.003991 0.003991 0.003985 0.003992 0.003992
180.500000 0.003992 0.003992 0.003986 0.003992 0.003992
181.000000 0.003992 0.003992 0.003986 0.003992 0.003992
181.500000 0.003992 0.003992 0.003986 0.003992 0.003992
182.000000 0.003992 0.003992 0.003986 0.003993 0.003993
182.500000 0.003992 0.003992 0.003987 0.003993 0.003993
183.000000 0.003992 0.003992 0.003987 0.003993 0.003993
183.500000 0.003992 0.003992 0.003987 0.003993 0.003993
184.000000 0.003992 0.003992 0.003987 0.003993 0.003993
184.500000 0.003993 0.003993 0.003987 0.003993 0.003993
185.000000 0.003993 0.003993 0.003988 0.003993 0.003993
185.500000 0.003993 0.003993 0.003988 0.003993 0.003993
186.000000 0.003993 0.003993 0.003988 0.003994 0.003994
186.500000 0.003993 0.003993 0.003988 0.003994 0.003994
187.000000 0.003993 0.003993 0.003988 0.003994 0.003994
187.500000 0.003993 0.003993 0.003989 0.003994 0.003994
188.000000 0.003993 0.003993 0.003989 0.003994 0.003994
188.500000 0.003994 0.003994 0.003989 0.003994 0.003994
189.000000 0.003994 0.003994 0.003989 0.003994 0.003994
189.500000 0.003994 0.003994 0.003989 0.003994 0.003994
190.000000 0.003994 0.003994 0.003989 0.003994 0.003994
190.500000 0.003994 0.003994 0.003990 0.003994 0.003994
191.000000 0.003994 0.003994 0.003990 0.003995 0.003995
191.500000 0.003994 0.003994 0.003990 0.003995 0.003995
192.000000 0.003994 0.003994 0.003990 0.003995 0.003995
192.500000 0.003994 0.003994 0.003990 0.003995 0.003995
193.000000 0.003994 0.003994 0.003990 0.003995 0.003995
193.500000 0.003995 0.003995 0.003991 0.003995 0.003995
194.000000 0.003995 0.003995 0.003991 0.003995 0.003995
194.500000 0.003995 0.003995 0.003991 0.003995 0.003995
195.000000 0.003995 0.003995 0.003991 0.003995 0.003995
195.500000 0.003995 0.003995 0.003991 0.003995 0.003995
196.000000 0.003995 0.003995 0.003991 0.003995 0.003995
196.500000 0.003995 0.003995 0.003991 0.003995 0.003995
197.000000 0.003995 0.003995 0.003992 0.003996 0.003996
197.500000 0.003995 0.003995 0.003992 0.003996 0.003996
198.000000 0.003995 0.003995 0.003992 0.003996 0.003996
198.500000 0.003995 0.003995 0.003992 0.003996 0.003996
199.000000 0.003995 0.003995 0.003992 0.003996 0.003996
199.500000 0.003996 0.003996 0.003992 0.003996 0.003996
200.000000 0.003996 0.003996 0.003992 0.003996 0.003996
